-0.97[0]
-1.05[1]
-1.81[1]
-2.31[1]
-2.54[1]
-2.23[1]
-2.89[1]
-2.07[1]
-2.22[0]
-2.35[0]
-3.0[0]
-2.04[1]
-0.94[1]
-1.05[1]
-0.28[1]
0.97[0]
1.88[0]
1.69[1]
-0.09[0]
-0.15[1]
0.33[1]
-0.12[1]
-0.19[1]
0.66[0]
0.21[1]
-0.12[0]
0.63[0]
0.22[1]
-1.29[1]
-1.17[0]
-1.38[1]
-2.94[0]
-2.24[1]
-0.17[0]
1.43[0]
2.8[0]
2.37[0]
2.3[0]
3.89[1]
4.8[1]
5.57[0]
6.86[1]
6.73[0]
7.14[0]
7.26[1]
7.37[0]
7.93[1]
7.38[1]
7.23[0]
7.88[1]
7.59[1]
7.45[1]
7.42[1]
5.56[1]
6.73[1]
5.31[1]
3.69[0]
3.35[0]
3.21[1]
2.95[1]
2.43[0]
1.93[0]
3.38[1]
4.75[1]
5.25[1]
5.22[1]
6.49[0]
5.33[1]
5.15[0]
6.19[1]
4.88[1]
4.9[1]
5.98[1]
5.94[0]
6.28[0]
7.29[0]
6.68[1]
4.73[1]
4.11[0]
4.38[0]
4.91[1]
6.5[0]
7.18[0]
5.92[1]
6.33[0]
5.55[1]
7.15[0]
5.99[1]
7.62[1]
8.04[0]
7.99[1]
8.26[1]
7.87[1]
7.97[1]
7.08[1]
6.72[1]
7.05[0]
6.76[1]
6.54[1]
6.61[1]
7.09[1]
5.71[0]
4.91[0]
6.01[1]
5.99[1]
4.34[1]
3.77[1]
3.7[0]
1.94[1]
4.23[0]
2.24[1]
0.08[1]
1.34[1]
1.67[1]
6.36[0]
6.4[1]
7.5[1]
7.51[1]
7.97[1]
7.52[0]
9.83[1]
10.21[1]
9.52[0]
8.96[1]
9.74[0]
8.83[0]
7.57[1]
7.99[0]
7.53[1]
7.29[1]
5.22[0]
7.69[1]
6.81[1]
7.29[0]
6.31[1]
6.23[1]
5.61[1]
5.42[0]
5.09[0]
5.55[1]
6.36[1]
9.02[0]
6.43[1]
6.87[1]
6.49[1]
5.87[0]
5.72[0]
3.72[1]
4.09[1]
6.61[1]
8.13[1]
8.99[1]
10.6[0]
8.77[1]
8.13[1]
9.42[0]
8.81[0]
9.0[1]
2.38[1]
1.78[0]
1.03[1]
-0.13[1]
1.02[1]
2.05[1]
-0.11[0]
-0.13[1]
0.64[0]
0.4[1]
-1.87[0]
-2.9[1]
-1.55[1]
-0.73[0]
-0.9[0]
-0.49[1]
1.73[1]
-0.67[1]
-2.35[1]
-1.71[0]
-0.26[1]
0.44[1]
1.01[0]
-0.45[1]
0.22[1]
0.31[1]
-0.33[1]
-0.88[1]
1.64[1]
1.52[1]
2.92[0]
4.17[1]
3.97[1]
5.32[1]
5.43[1]
5.18[0]
3.74[0]
2.62[1]
3.05[1]
2.86[1]
4.96[1]
5.51[1]
4.65[1]
2.29[1]
5.2[1]
6.18[1]
5.44[1]
5.81[1]
4.73[1]
2.78[1]
3.58[1]
3.17[0]
4.3[1]
4.77[0]
6.94[0]
7.81[1]
7.69[0]
6.97[0]
7.14[0]
6.17[0]
4.55[1]
6.08[0]
6.45[1]
5.19[1]
4.73[1]
3.67[1]
3.21[1]
4.04[1]
5.55[0]
5.25[1]
5.07[1]
4.86[1]
4.53[1]
3.81[1]
3.76[1]
2.42[1]
3.55[1]
1.81[1]
1.34[1]
2.92[1]
2.82[1]
2.31[0]
0.72[1]
2.2[1]
1.98[1]
2.42[0]
3.23[1]
5.7[1]
6.36[1]
6.55[0]
6.8[0]
5.59[1]
5.92[1]
6.96[0]
6.91[0]
6.64[0]
5.78[1]
5.11[1]
3.94[1]
4.4[1]
3.82[0]
3.07[0]
3.46[1]
3.33[1]
3.11[0]
1.7[0]
2.49[1]
2.17[0]
2.69[1]
3.48[1]
4.33[1]
4.65[1]
4.03[1]
2.93[1]
1.51[1]
2.79[1]
0.69[1]
1.9[1]
1.09[1]
2.22[1]
-0.27[1]
0.35[0]
2.46[1]
0.74[1]
-0.2[1]
0.94[1]
-0.34[1]
-1.1[0]
-4.05[1]
-3.54[1]
-5.93[1]
-7.25[0]
-5.87[0]
-4.91[1]
-3.05[1]
-2.68[1]
-2.33[1]
-1.83[1]
-1.88[1]
-0.08[0]
-0.81[1]
-0.00999999999999[0]
1.46[1]
0.89[0]
-0.57[1]
0.84[1]
1.03[0]
-0.55[1]
0.18[0]
0.44[1]
-0.06[1]
0.8[1]
0.7[0]
0.13[0]
-0.05[1]
-0.51[1]
-1.55[1]
-0.32[1]
2.21[1]
2.14[1]
3.76[0]
3.68[1]
3.78[1]
4.33[1]
5.48[1]
6.28[1]
5.18[0]
5.11[1]
5.69[1]
3.43[1]
7.03[1]
6.22[0]
7.95[1]
7.0[1]
10.2[1]
11.75[1]
9.98[0]
9.64[1]
8.15[0]
8.32[1]
8.05[1]
7.9[0]
7.27[1]
5.32[1]
5.27[1]
3.25[1]
1.64[1]
2.25[1]
4.51[1]
4.34[1]
3.58[1]
6.25[1]
5.51[1]
5.44[1]
6.33[0]
5.32[1]
4.46[1]
5.81[0]
5.5[0]
6.2[0]
6.11[0]
4.77[0]
3.73[1]
0.46[1]
1.15[1]
2.72[1]
9.62[1]
10.22[0]
9.95[0]
9.56[0]
9.23[1]
9.14[0]
11.67[0]
13.53[1]
12.22[1]
12.22[0]
12.83[1]
14.2[0]
13.45[0]
11.91[1]
12.53[1]
10.23[1]
9.28[1]
11.33[0]
11.18[0]
9.95[1]
10.21[1]
9.51[1]
11.37[1]
10.58[0]
10.86[1]
14.16[0]
12.5[0]
12.96[1]
12.34[1]
12.62[1]
12.98[1]
13.91[1]
12.88[1]
12.22[1]
10.7[0]
9.97[0]
10.63[1]
11.01[1]
10.79[1]
12.61[0]
12.63[1]
14.49[1]
13.33[0]
12.11[1]
5.43[0]
4.25[0]
4.44[1]
4.87[0]
4.99[0]
6.15[0]
3.07[1]
4.0[0]
3.52[0]
4.03[1]
5.05[1]
4.92[0]
5.11[1]
5.19[0]
4.19[0]
4.11[1]
6.36[0]
5.07[1]
4.41[1]
4.1[1]
4.18[1]
6.22[1]
3.3[1]
6.08[1]
6.23[0]
2.73[1]
3.81[1]
2.92[0]
3.56[0]
2.2[0]
2.98[0]
1.8[1]
1.2[1]
3.22[1]
5.46[1]
5.06[0]
5.42[1]
4.58[0]
6.2[0]
4.8[1]
4.24[1]
3.62[0]
3.06[1]
3.6[0]
3.8[1]
2.97[0]
3.63[1]
4.34[1]
4.46[1]
5.06[1]
5.86[0]
5.24[1]
6.64[1]
5.76[1]
5.38[1]
5.4[1]
2.85[1]
4.17[0]
5.92[1]
6.84[1]
5.78[1]
6.67[0]
4.99[1]
6.47[0]
7.76[1]
8.52[1]
9.82[1]
9.63[0]
10.44[0]
9.5[0]
9.86[1]
9.56[1]
9.35[1]
9.18[1]
9.1[1]
8.58[1]
9.6[1]
10.05[1]
10.08[1]
10.21[0]
10.73[1]
11.5[1]
0.01[1]
-1.1[0]
-0.31[1]
2.32[1]
0.1[0]
-2.36[0]
-2.44[1]
-2.14[1]
-0.49[1]
-3.45[1]
-4.37[1]
-12.47[1]
-13.05[0]
-17.4[1]
-17.74[0]
-13.79[1]
-11.54[0]
-11.77[0]
-10.45[1]
-13.88[1]
-13.16[1]
-12.9[1]
-14.63[1]
-12.34[0]
-12.55[1]
-12.26[0]
-11.22[0]
-13.48[1]
-13.67[1]
-13.59[1]
-14.11[1]
-15.26[1]
-15.41[1]
-16.06[1]
-17.0[1]
-17.42[1]
-17.85[0]
-19.01[0]
-18.29[1]
-16.88[1]
-16.6[1]
-16.24[1]
-16.5[1]
-17.14[1]
-6.44[0]
-3.25[1]
-3.09[1]
-3.94[0]
-0.72[1]
-0.58[1]
1.05[0]
1.76[0]
1.11[1]
3.58[0]
4.32[0]
13.87[1]
14.88[1]
18.77[0]
18.49[1]
15.74[0]
13.52[1]
11.91[0]
13.81[0]
16.66[1]
12.01[0]
11.66[1]
15.34[1]
12.41[1]
15.51[0]
13.92[0]
11.73[1]
11.02[1]
12.49[1]
12.17[1]
13.94[1]
15.87[1]
16.66[1]
16.93[0]
16.38[1]
18.05[1]
14.83[1]
14.98[1]
15.97[0]
11.8[0]
9.22[1]
11.24[0]
9.98[1]
8.71[1]
8.08[1]
6.15[1]
2.48[1]
3.0[0]
5.57[1]
8.06[1]
4.12[1]
-0.52[1]
-2.88[0]
-3.1[1]
-4.53[0]
-7.39[0]
-5.84[0]
-6.44[0]
-7.43[1]
-9.26[1]
-12.06[1]
-12.84[1]
-14.68[1]
-16.04[1]
-14.0[1]
-13.08[1]
-14.21[1]
-17.94[1]
-18.31[0]
-22.62[1]
-22.24[1]
-22.3[1]
-21.9[1]
-19.23[0]
-22.85[1]
-22.44[0]
-25.75[0]
-25.89[1]
-22.13[0]
-23.52[0]
-22.01[0]
-18.33[1]
-19.96[1]
-20.1[0]
-19.77[1]
-21.92[1]
-24.98[0]
-22.17[1]
-20.32[1]
-17.85[0]
-12.54[1]
-14.18[1]
-17.15[0]
-17.42[1]
-16.63[1]
-12.29[1]
-10.94[1]
-11.43[0]
-10.04[1]
-8.21[0]
-10.25[1]
-8.26[1]
-7.86[1]
-5.69[1]
-5.16[1]
-3.24[0]
-3.32[0]
-1.56[1]
-0.44[1]
-1.68[1]
-3.02[0]
1.12[1]
0.09[1]
4.56[0]
3.61[1]
4.29[1]
3.2[1]
1.19[0]
2.87[1]
2.64[1]
4.99[1]
5.54[1]
2.86[1]
1.85[0]
4.36[1]
1.02[0]
0.99[0]
2.37[1]
5.23[1]
7.16[1]
9.78[0]
8.28[0]
10.33[1]
9.73[1]
7.77[1]
7.74[0]
8.76[0]
8.2[1]
9.51[0]
9.85[1]
8.38[1]
7.95[1]
8.84[1]
6.13[1]
6.67[0]
6.11[1]
7.06[1]
5.95[1]
8.78[1]
4.63[0]
4.67[1]
2.58[1]
1.55[0]
1.7[1]
0.56[1]
-1.19[1]
0.58[0]
0.72[1]
1.93[1]
3.03[0]
2.59[1]
2.2[0]
1.06[1]
-0.39[1]
-0.59[1]
-0.32[1]
0.1[1]
1.35[1]
0.56[1]
1.68[1]
