-0.38[1]
-0.2[1]
0.56[1]
0.66[1]
-0.41[1]
0.17[1]
-0.28[1]
-0.39[1]
0.52[1]
0.35[1]
0.5[1]
1.4[1]
-0.14[1]
-0.94[1]
-1.28[1]
0.49[1]
-2.29[1]
-0.06[1]
-0.22[1]
-0.49[1]
-2.39[1]
-0.49[1]
1.44[1]
0.16[1]
-2.54[1]
3.56[1]
-2.64[1]
-4.6[1]
-0.89[1]
1.22[1]
0.04[1]
0.79[1]
2.25[1]
0.19[1]
3.18[1]
-1.89[1]
5.83[1]
3.39[1]
0.92[1]
1.44[1]
-0.05[1]
1.04[1]
1.6[1]
-0.45[1]
1.67[1]
0.61[1]
0.35[1]
0.47[1]
1.07[1]
-0.53[1]
0.55[1]
0.64[1]
0.47[1]
-0.15[1]
1.4[1]
-0.45[1]
0.51[1]
0.77[1]
-0.27[1]
-1.75[1]
0.24[1]
1.71[1]
-1.85[1]
2.34[1]
1.6[1]
0.0[1]
0.0[1]
-1.28[1]
-0.1[1]
-2.49[1]
0.88[1]
-1.95[1]
-0.26[1]
2.11[1]
1.49[1]
4.52[1]
0.17[1]
1.72[1]
-0.38[1]
0.08[1]
-0.67[1]
0.43[1]
-0.83[1]
-1.47[1]
-0.25[1]
-3.55[1]
-1.64[1]
1.1[1]
3.68[1]
-1.93[1]
-0.85[1]
-0.11[1]
-0.75[1]
-0.17[1]
2.25[1]
-0.06[1]
0.57[1]
3.22[1]
-1.79[1]
0.21[1]
-0.59[1]
0.3[1]
2.1[1]
-3.68[1]
2.04[1]
1.46[1]
-1.08[1]
1.67[1]
-0.46[1]
-1.19[1]
0.95[1]
-0.31[1]
1.38[1]
0.03[1]
0.95[1]
0.47[1]
-0.3[1]
0.99[1]
0.67[1]
0.3[1]
-0.22[1]
0.69[1]
-0.93[1]
1.79[1]
-2.15[1]
-1.08[1]
0.4[1]
-3.1[1]
1.94[1]
-3.98[1]
-0.51[1]
2.65[1]
-1.67[1]
3.35[1]
-1.91[1]
2.17[1]
-0.79[1]
0.81[1]
-0.35[1]
0.18[1]
-3.5[1]
-0.11[1]
0.88[1]
2.47[1]
-1.06[1]
-2.35[1]
0.27[1]
2.59[1]
0.7[1]
0.06[1]
0.51[1]
0.27[1]
-1.19[1]
0.14[1]
0.44[1]
-0.54[1]
-4.04[1]
2.71[1]
-0.49[1]
0.65[1]
-4.85[1]
-0.65[1]
-0.97[1]
0.33[1]
-1.31[1]
-0.56[1]
1.25[1]
1.29[1]
-1.07[1]
-0.26[1]
0.94[1]
1.92[1]
-0.68[1]
0.17[1]
1.2[1]
1.78[1]
0.14[1]
-0.42[1]
0.25[1]
-0.19[1]
0.15[1]
-1.05[1]
-1.35[1]
1.39[1]
-0.15[1]
-1.74[1]
-0.09[1]
0.09[1]
1.05[1]
-1.76[1]
-1.23[1]
-0.48[1]
0.38[1]
2.0[1]
0.8[1]
-1.77[1]
-2.11[1]
0.6[1]
0.45[1]
2.6[1]
-0.65[1]
0.71[1]
0.15[1]
-2.24[1]
-1.57[1]
1.14[1]
-3.06[1]
0.34[1]
1.32[1]
-0.27[1]
-0.29[1]
0.34[1]
-2.65[1]
1.02[1]
1.16[1]
1.48[1]
0.3[1]
-0.75[1]
1.13[1]
-0.46[1]
0.42[1]
-1.33[1]
-0.34[1]
-5.75[1]
-0.16[1]
-0.61[1]
2.34[1]
0.33[1]
0.12[1]
-0.23[1]
-1.19[1]
0.28[1]
0.59[1]
-1.7[1]
-0.36[1]
2.28[1]
-2.68[1]
0.04[1]
-1.09[1]
0.85[1]
0.94[1]
-0.91[1]
-1.38[1]
-2.47[1]
-1.24[1]
-3.44[1]
-0.92[1]
4.98[1]
1.16[1]
0.3[1]
-2.03[1]
-3.56[1]
2.68[1]
0.49[1]
-1.86[1]
3.52[1]
-2.52[1]
-0.08[1]
0.47[1]
-0.44[1]
2.73[1]
0.59[1]
-1.22[1]
-3.27[1]
0.41[1]
-1.97[1]
-0.36[1]
-0.08[1]
1.94[1]
-1.15[1]
3.1[1]
0.22[1]
-0.95[1]
2.35[1]
3.06[1]
-0.52[1]
1.71[1]
1.9[1]
0.42[1]
0.15[1]
-0.93[1]
-0.77[1]
0.85[1]
-0.48[1]
-0.69[1]
1.09[1]
0.7[1]
6.05[1]
-0.2[1]
0.73[1]
0.19[1]
1.32[1]
-0.46[1]
-0.39[1]
2.65[1]
-1.14[1]
0.15[1]
0.08[1]
0.27[1]
-1.76[1]
0.12[1]
1.43[1]
-2.69[1]
-0.64[1]
2.51[1]
-1.16[1]
1.37[1]
0.97[1]
0.57[1]
-0.3[1]
-0.89[1]
-0.12[1]
0.36[1]
-1.39[1]
0.31[1]
-1.18[1]
-1.3[1]
3.79[1]
-0.47[1]
-0.94[1]
-0.73[1]
1.45[1]
-2.66[1]
2.76[1]
-9.37[1]
1.8[1]
-1.09[1]
-1.9[1]
0.55[1]
1.47[1]
2.16[1]
0.03[1]
0.03[1]
1.65[1]
-0.97[1]
-1.25[1]
-3.77[1]
0.63[1]
-2.93[1]
-3.47[1]
-0.47[1]
-0.03[1]
0.39[1]
-2.11[1]
2.43[1]
-2.46[1]
-0.29[1]
-1.41[1]
0.79[1]
1.73[1]
-1.92[1]
7.11[1]
0.76[1]
1.75[1]
3.63[1]
-2.24[1]
-0.85[1]
4.58[1]
0.91[1]
0.03[1]
0.43[1]
0.82[1]
-1.17[1]
-1.77[1]
3.27[1]
1.56[1]
1.08[1]
0.16[1]
-0.32[1]
1.24[1]
-1.52[1]
1.04[1]
1.76[1]
-0.72[1]
-1.39[1]
2.7[1]
-0.17[1]
-0.03[1]
0.68[1]
0.5[1]
-0.37[1]
-0.11[1]
-0.2[1]
1.98[1]
-0.07[1]
0.6[1]
0.47[1]
0.86[1]
1.57[1]
-0.49[1]
0.07[1]
-0.64[1]
0.19[1]
1.81[1]
-1.88[0]
2.35[1]
-0.12[1]
0.89[0]
-1.12[0]
-0.59[1]
1.0[1]
0.34[1]
-0.52[0]
-0.04[1]
1.43[1]
0.55[0]
-0.42[0]
0.61[0]
