0.02 0.0018000000000000238 -107.15 [1]
0.21 -0.0023999999999999577 16.47 [1]
-0.38 -0.005800000000000027 27.99 [1]
-0.2 0.007299999999999973 119.47 [0]
0.56 0.00019999999999997797 97.77 [1]
0.66 0.0030000000000000027 22.76 [1]
-0.41 -0.00979999999999992 11.01 [1]
0.17 -0.007800000000000029 -47.33 [1]
-0.28 -0.0047000000000000375 -10.53 [1]
-0.39 -0.005599999999999938 -8.89 [1]
0.52 -0.006199999999999983 -40.15 [1]
0.35 -0.0010000000000000009 8.5 [1]
0.5 0.006699999999999928 -26.7 [1]
1.4 -0.013599999999999945 28.57 [1]
-0.14 0.0031999999999999806 136.63 [0]
-0.94 -0.006700000000000039 1.13 [1]
-1.28 -0.005099999999999993 -49.72 [1]
0.49 -0.0031999999999999806 -154.51 [1]
-2.29 0.0043999999999999595 66.94 [0]
-0.06 -0.00979999999999992 -151.96 [1]
-0.22 -0.0022000000000000908 -19.46 [1]
-0.49 -0.0046999999999999265 -67.64 [1]
-2.39 0.0028000000000000247 51.39 [0]
-0.49 -0.0008000000000000229 -92.27 [1]
1.6 -0.006299999999999972 -186.35 [0]
-2.54 0.008799999999999919 13.83 [1]
3.56 0.005400000000000071 -123.3 [0]
-2.64 0.0023999999999999577 -90.88 [1]
-4.6 -0.005800000000000027 9.69 [1]
-0.89 -0.009599999999999942 -216.21 [0]
1.22 0.008499999999999952 23.62 [1]
0.04 -0.005800000000000027 12.78 [1]
0.79 0.011500000000000066 -253.26 [0]
2.25 -0.007199999999999984 10.95 [1]
0.19 -0.0013000000000000789 267.37 [0]
3.18 0.0040000000000000036 -132.51 [0]
-1.89 -0.0004999999999999449 169.2 [1]
5.83 0.0 53.18 [0]
3.39 -0.0017000000000000348 107.17 [0]
0.92 0.0024000000000000687 -59.51 [1]
1.44 0.0015999999999999348 -85.19 [1]
-0.05 0.005299999999999971 165.58 [1]
1.04 -0.005799999999999916 14.62 [1]
1.6 0.0037999999999999146 32.03 [1]
-0.45 -0.0036999999999999256 212.03 [1]
1.67 -0.011700000000000044 -75.17 [1]
0.61 0.005700000000000038 -85.23 [1]
0.35 -0.014399999999999968 149.01 [0]
0.47 -0.0035000000000000586 61.93 [0]
1.07 0.007800000000000029 -85.58 [1]
-0.53 -0.0015000000000000568 60.04 [0]
0.55 0.006500000000000061 17.16 [1]
0.64 0.0031999999999999806 -158.07 [1]
0.47 0.00029999999999996696 37.55 [1]
-0.15 0.0035000000000000586 4.43 [1]
1.4 -0.0049000000000000155 53.41 [0]
-0.45 0.0011999999999999789 150.18 [1]
0.51 -0.010199999999999987 16.27 [1]
0.77 -9.999999999998899e-05 11.17 [1]
-0.27 0.005299999999999971 248.58 [0]
-1.75 -0.005299999999999971 52.99 [0]
0.24 -0.008700000000000041 75.67 [0]
1.71 0.0014000000000000679 113.66 [0]
-1.85 -0.0038000000000000256 5.98 [1]
2.34 -0.0015000000000000568 -17.34 [1]
1.6 -0.0045999999999999375 -29.43 [1]
0.0 -0.0040000000000000036 37.71 [1]
0.0 -0.0021999999999999797 -120.44 [0]
-1.28 -0.006800000000000028 235.77 [1]
-0.1 -0.0020999999999999908 -72.13 [1]
-2.49 -9.999999999998899e-05 -221.28 [1]
0.88 0.0024999999999999467 6.02 [1]
-1.95 -0.0047000000000000375 62.8 [0]
-0.26 -0.0023999999999999577 -267.8 [1]
2.11 -0.0032999999999999696 -260.72 [0]
1.49 0.00039999999999995595 229.88 [1]
4.52 -0.009599999999999942 -19.46 [1]
0.17 0.0042999999999999705 266.63 [0]
1.72 -0.0041999999999999815 -24.1 [1]
-0.38 0.0011999999999999789 78.8 [1]
-0.16 -0.0013999999999999568 56.35 [0]
-0.83 0.0010999999999999899 5.02 [1]
-1.72 0.005099999999999993 -121.58 [0]
-3.55 -0.009299999999999975 -40.82 [1]
-1.64 -0.0007000000000000339 -291.57 [1]
1.1 9.999999999998899e-05 -3.5 [1]
3.68 -0.000500000000000056 48.52 [1]
-1.93 0.0045000000000000595 319.43 [0]
-0.85 0.007900000000000018 -189.11 [0]
-0.11 -0.0046000000000000485 133.4 [0]
-0.75 0.0008000000000000229 159.1 [1]
-0.17 -0.0015000000000000568 -123.92 [0]
2.25 0.006700000000000039 215.53 [1]
-0.06 -0.0005999999999999339 209.74 [1]
0.57 -0.0040000000000000036 14.78 [1]
3.22 -0.008600000000000052 42.1 [1]
-1.79 -0.005800000000000027 136.39 [0]
0.21 -0.011399999999999966 213.96 [1]
-0.59 0.0011999999999999789 148.75 [0]
0.3 0.0011999999999999789 -169.75 [0]
2.1 -0.0047999999999999154 82.39 [1]
-3.68 -0.012800000000000034 26.9 [1]
2.04 0.0004999999999999449 -43.55 [1]
1.46 0.0037000000000000366 133.69 [0]
-1.08 -0.0010000000000000009 62.94 [0]
1.67 -0.0040999999999999925 20.37 [1]
-0.46 0.0044999999999999485 -5.91 [1]
-1.19 0.00010000000000010001 -59.02 [1]
0.95 0.00039999999999995595 -182.88 [0]
-0.31 -0.0030999999999999917 90.32 [1]
1.38 -0.005099999999999993 -1.72 [1]
0.03 0.0014999999999999458 167.54 [1]
0.95 0.0038000000000000256 3.58 [1]
0.47 0.0045000000000000595 -27.61 [1]
-0.3 -0.0007000000000000339 65.38 [0]
0.99 -0.0019000000000000128 40.94 [1]
0.67 0.005099999999999993 48.7 [1]
0.3 -0.0040999999999999925 80.28 [1]
-0.22 0.0030000000000000027 74.82 [0]
0.69 0.005499999999999949 4.53 [1]
-0.93 -0.00869999999999993 116.92 [0]
1.79 0.0009999999999998899 74.47 [0]
-2.15 -0.0043999999999999595 8.7 [1]
-1.08 0.005099999999999993 -130.0 [0]
0.4 0.00010000000000010001 110.02 [0]
-3.1 -0.0035000000000000586 113.63 [0]
1.94 -0.00649999999999995 46.96 [1]
-3.98 -0.0016000000000000458 31.14 [1]
-0.51 -0.007600000000000051 -81.73 [1]
2.65 -0.0030999999999999917 305.61 [0]
-1.67 0.011300000000000088 -6.6 [1]
3.35 -0.007200000000000095 102.22 [0]
-1.91 0.000500000000000056 266.11 [0]
2.17 -0.0022999999999999687 -186.87 [0]
-0.79 0.016000000000000014 -58.08 [1]
0.81 -0.012900000000000023 -23.37 [1]
-0.35 0.012599999999999945 139.97 [0]
0.18 0.010600000000000054 -143.53 [1]
-3.5 -0.00040000000000006697 109.85 [0]
-0.11 -0.0032999999999999696 -140.37 [0]
0.88 -0.0014999999999999458 -21.64 [1]
2.47 -0.007500000000000062 24.65 [1]
-1.06 -0.010000000000000009 217.68 [1]
-2.35 -0.0046999999999999265 -119.84 [0]
0.27 -0.0007000000000000339 35.21 [1]
3.29 -0.0009000000000000119 -33.99 [1]
0.06 0.0042999999999999705 156.13 [1]
0.51 0.0050000000000000044 -87.66 [1]
0.27 0.0008000000000000229 130.58 [0]
-1.19 -0.0009000000000000119 208.29 [1]
0.14 -0.009399999999999964 -36.0 [1]
0.44 0.0036999999999999256 -111.13 [1]
-0.54 0.005400000000000071 3.74 [1]
-4.04 0.012399999999999967 -232.48 [1]
2.71 -0.0023999999999999577 -310.16 [1]
-0.49 -0.00550000000000006 203.21 [1]
0.65 -0.0013999999999999568 47.67 [1]
-4.85 0.0043999999999999595 -72.21 [1]
-0.65 0.0023000000000000798 -143.79 [1]
-0.97 0.0045999999999999375 87.27 [1]
0.33 0.0035000000000000586 228.31 [1]
-1.31 0.01649999999999996 -227.5 [1]
-0.56 -0.0016000000000000458 -378.94 [0]
2.54 -0.015599999999999947 21.66 [1]
-1.07 -0.0013999999999999568 165.47 [1]
-0.26 0.010399999999999965 -292.17 [1]
0.94 0.0025999999999999357 22.47 [1]
1.92 -0.006099999999999994 57.82 [0]
-0.68 0.0020999999999999908 301.76 [0]
0.17 -0.0037999999999999146 -36.38 [1]
1.2 0.00869999999999993 -200.94 [0]
1.78 0.013600000000000056 -120.95 [0]
0.14 -0.0031999999999999806 208.36 [1]
-0.42 -0.0030999999999999917 -112.79 [1]
0.25 -0.005900000000000016 147.25 [0]
-0.19 -0.00770000000000004 259.05 [0]
0.15 -0.0039000000000000146 -4.86 [1]
-1.05 0.0020000000000000018 16.12 [1]
-1.35 -0.007099999999999995 -49.58 [1]
1.39 -0.00880000000000003 -189.88 [0]
-0.15 -0.0006999999999999229 146.0 [0]
-1.74 -0.008000000000000007 -93.56 [1]
-0.09 -0.000500000000000056 -263.75 [0]
0.09 -0.0037999999999999146 22.23 [1]
1.05 0.016699999999999937 -107.25 [1]
-1.76 0.0012999999999999678 90.82 [1]
-1.23 -0.009699999999999931 -79.02 [1]
-0.48 -0.006900000000000017 -143.45 [1]
0.38 0.008299999999999974 -132.23 [0]
2.0 -0.0011999999999999789 -63.63 [1]
0.8 0.006800000000000028 264.1 [0]
-1.77 -0.00040000000000006697 67.39 [0]
-2.11 -0.0021999999999999797 -136.29 [0]
0.6 0.0032999999999999696 -211.52 [0]
0.45 -0.0013999999999999568 59.04 [0]
2.6 -0.00019999999999997797 -66.0 [1]
-0.65 0.0050000000000000044 122.29 [0]
0.71 -0.0029000000000000137 -60.2 [1]
0.15 -0.0042999999999999705 420.4 [1]
-2.24 0.0007999999999999119 82.04 [1]
-1.57 -0.0031999999999999806 -71.28 [1]
1.14 0.0033000000000000806 1.87 [1]
-3.06 -0.008100000000000107 19.3 [1]
0.34 0.0023000000000000798 -409.23 [1]
1.32 0.0029000000000000137 -138.23 [0]
-0.27 -0.006300000000000083 235.53 [1]
-0.29 -0.012899999999999912 -122.11 [0]
0.34 -0.0017000000000000348 -167.76 [0]
-2.65 -0.0047000000000000375 -213.85 [0]
1.02 -0.0022999999999999687 70.52 [0]
1.16 0.0018000000000000238 249.11 [0]
1.48 9.999999999998899e-05 319.22 [0]
0.3 -0.0040999999999999925 168.75 [1]
-0.75 0.0044999999999999485 32.52 [1]
1.13 -0.007299999999999973 22.76 [1]
-0.46 0.0026000000000000467 177.1 [1]
0.42 -0.0034000000000000696 -43.34 [1]
-1.33 9.999999999998899e-05 62.3 [0]
-0.34 0.0048000000000000265 -130.92 [0]
-5.75 -0.0042999999999999705 -84.13 [1]
-0.16 -0.0021999999999999797 -8.56 [1]
-0.61 -0.007200000000000095 -164.66 [1]
2.34 -0.0012999999999999678 -291.05 [1]
0.33 0.006500000000000061 117.51 [0]
0.12 -0.0039000000000000146 37.94 [1]
-0.23 -0.00040000000000006697 45.3 [1]
-1.19 0.0016000000000000458 51.84 [0]
0.28 -0.0022999999999999687 134.73 [0]
0.59 0.009499999999999953 12.35 [1]
-1.7 -0.0023999999999999577 180.23 [1]
-0.36 -0.0009000000000000119 -51.2 [1]
2.28 0.007199999999999984 -94.27 [1]
-2.68 -0.0006000000000000449 113.95 [0]
0.04 -0.01100000000000001 -311.13 [1]
-1.09 0.007600000000000051 -369.04 [0]
0.85 -0.0019000000000000128 90.02 [1]
0.94 0.0025000000000000577 -29.49 [1]
-0.91 -0.0013000000000000789 -44.81 [1]
-1.38 -0.0030999999999999917 -24.41 [1]
-2.47 0.0007000000000000339 -233.77 [1]
-1.24 -0.0010999999999999899 -249.96 [0]
-3.44 -0.0020000000000000018 -307.67 [1]
-0.92 -0.016100000000000003 -476.09 [0]
4.98 -0.0028000000000000247 479.69 [1]
1.16 -0.0004999999999999449 -130.69 [0]
0.3 0.0042999999999999705 318.19 [0]
-2.03 0.0008000000000000229 -17.09 [1]
-3.56 -0.006099999999999994 -39.07 [1]
2.68 -0.009500000000000064 -243.89 [0]
0.49 0.0020000000000000018 32.48 [1]
-1.86 -0.0020000000000000018 269.79 [0]
3.52 -0.009399999999999964 -209.23 [0]
-2.52 0.009299999999999975 162.75 [1]
-0.08 9.999999999998899e-05 31.76 [1]
0.47 0.005400000000000071 -92.68 [1]
-0.44 0.0020000000000000018 -86.88 [1]
2.73 0.0044999999999999485 8.18 [1]
0.59 0.0004999999999999449 56.39 [0]
-1.22 0.005600000000000049 39.08 [1]
-3.27 -0.0023999999999999577 2.37 [1]
0.41 0.0044999999999999485 -313.42 [1]
-1.97 -0.00880000000000003 32.35 [1]
-0.36 -0.0041999999999999815 -377.85 [0]
-0.08 -0.008599999999999941 41.96 [1]
1.94 0.0021999999999999797 -184.98 [0]
-1.15 9.999999999998899e-05 260.89 [0]
3.1 -0.0037000000000000366 -204.98 [0]
0.22 -0.0004999999999999449 -33.15 [1]
-0.95 0.0032999999999999696 210.04 [1]
2.35 0.0012999999999999678 -151.19 [1]
3.06 0.0018000000000000238 43.82 [1]
-0.52 0.0035000000000000586 261.72 [0]
1.71 0.008199999999999985 88.04 [1]
1.9 0.0042999999999999705 67.57 [0]
0.42 0.005199999999999982 22.67 [1]
0.15 0.00770000000000004 103.53 [0]
-0.93 0.0024999999999999467 23.23 [1]
-0.77 -0.011799999999999922 -87.01 [1]
0.85 0.005699999999999927 -116.97 [1]
-0.48 0.0028000000000000247 148.95 [0]
-0.69 -0.006399999999999961 39.63 [1]
1.09 -0.0017000000000000348 59.88 [0]
0.7 0.0011999999999999789 -16.63 [1]
6.05 -0.0050000000000000044 90.42 [1]
-0.2 -0.00019999999999997797 253.87 [0]
0.73 0.0010999999999999899 302.57 [0]
0.19 0.0030000000000000027 6.8 [1]
1.32 -0.005800000000000027 -109.15 [1]
-0.46 -0.00759999999999994 139.77 [0]
-0.39 -0.0040999999999999925 -31.12 [1]
2.65 0.00649999999999995 49.3 [1]
-1.14 0.0007000000000000339 100.53 [0]
0.15 0.0040000000000000036 0.48 [1]
0.08 -0.0037000000000000366 -105.91 [1]
0.27 -0.0004999999999999449 42.5 [1]
-1.76 -0.010199999999999987 100.29 [1]
0.12 0.00039999999999995595 -172.58 [0]
1.43 -0.0013999999999999568 17.07 [1]
-2.69 0.0030999999999999917 75.35 [0]
-0.64 0.006399999999999961 -125.24 [0]
2.51 -0.00029999999999996696 -74.23 [1]
-1.16 -0.0028000000000000247 4.83 [1]
1.37 0.0016000000000000458 257.81 [0]
0.97 -0.00010000000000010001 -11.09 [1]
0.57 0.008300000000000085 125.49 [0]
-0.3 0.0031999999999999806 34.39 [1]
-0.89 -0.0034000000000000696 -27.52 [1]
-0.12 0.006300000000000083 -158.32 [1]
0.36 -0.0030000000000000027 386.78 [1]
-1.39 -0.0030999999999999917 -27.01 [1]
0.31 0.0032999999999999696 88.47 [1]
-1.18 0.009700000000000042 -120.99 [0]
-1.3 -0.0016000000000000458 -71.22 [1]
3.79 0.0033999999999999586 -400.78 [0]
-0.47 0.0 -37.14 [1]
-0.94 -0.007399999999999962 133.99 [0]
-0.73 -0.00539999999999996 -212.49 [0]
1.45 0.0015999999999999348 -81.11 [1]
-2.66 0.005099999999999993 6.44 [1]
2.76 -0.009299999999999975 -258.87 [0]
-9.37 0.005600000000000049 -200.72 [0]
1.8 -0.005099999999999993 311.04 [0]
-1.09 0.0040000000000000036 18.88 [1]
-1.9 -0.010300000000000087 268.86 [0]
0.55 0.0046000000000000485 -129.93 [0]
1.47 0.0014000000000000679 -110.42 [1]
2.16 0.0043999999999999595 -9.02 [1]
0.06 0.0027999999999999137 238.89 [1]
1.65 -0.0011999999999999789 -73.73 [1]
-0.97 0.0047000000000000375 206.23 [1]
-5.02 -0.0019000000000000128 -117.13 [1]
0.63 -0.008799999999999919 -459.57 [0]
-2.93 -0.0029000000000001247 26.66 [1]
-3.47 -0.008899999999999908 -96.08 [1]
-0.47 -0.006000000000000005 -234.17 [1]
-0.03 -0.005900000000000016 -130.51 [0]
0.39 0.0042999999999999705 -24.27 [1]
-2.11 -0.0010000000000000009 160.36 [1]
2.43 -0.0029000000000000137 -24.47 [1]
-2.46 0.0027000000000000357 -166.76 [1]
-0.29 -0.011800000000000033 -272.35 [1]
-1.41 0.0042999999999999705 142.36 [0]
0.79 -0.00019999999999997797 -272.57 [1]
1.73 0.009199999999999986 182.52 [1]
-1.92 0.000300000000000078 190.72 [1]
7.11 -0.0047000000000000375 -28.73 [1]
0.76 0.0050000000000000044 86.6 [1]
1.75 0.0020999999999999908 58.07 [0]
3.63 0.005700000000000038 -241.23 [0]
-2.24 9.999999999998899e-05 158.52 [1]
-0.85 0.0028000000000000247 -40.23 [1]
4.58 -0.007400000000000073 -176.84 [0]
0.91 0.0131 -146.22 [1]
0.03 0.0030999999999999917 -41.46 [1]
0.43 -0.0131 -107.13 [1]
0.82 0.0019000000000000128 -306.87 [1]
-1.17 -0.0017000000000000348 -99.96 [1]
-1.77 0.0025000000000000577 137.89 [0]
3.27 0.0012999999999999678 -264.42 [0]
1.56 0.0031000000000001027 453.97 [1]
1.08 -0.0029000000000001247 -71.73 [1]
0.16 0.007300000000000084 242.1 [0]
-0.32 -0.0026000000000000467 86.43 [1]
1.24 -0.00039999999999995595 -75.59 [1]
-1.52 0.007399999999999962 185.54 [1]
1.04 -0.0024999999999999467 -156.82 [1]
1.76 -0.0007000000000000339 -248.97 [0]
-0.72 0.0040999999999999925 163.68 [1]
-1.39 -0.01100000000000001 181.82 [1]
2.7 0.0013999999999999568 -17.9 [1]
-0.17 0.0034000000000000696 221.76 [1]
-0.03 0.01200000000000001 59.46 [0]
0.68 0.005699999999999927 -24.7 [1]
0.5 0.008800000000000141 72.25 [0]
-0.37 0.0028999999999999027 -45.24 [1]
-0.11 -0.0030000000000000027 -86.11 [1]
-0.2 0.0047000000000000375 30.27 [1]
1.98 -0.0032000000000000917 -224.94 [1]
-0.07 0.01100000000000001 332.98 [0]
0.6 -0.0050000000000000044 159.13 [1]
0.47 -0.005599999999999938 -56.41 [1]
0.86 0.009499999999999953 49.56 [1]
1.57 0.009600000000000053 -91.21 [1]
-0.49 -0.0040000000000000036 58.6 [0]
0.07 -0.0030000000000000027 -2.16 [1]
-0.64 0.0040999999999999925 41.36 [1]
0.19 -0.008900000000000019 32.93 [1]
-0.07 0.0012999999999999678 -171.58 [0]
2.35 0.008400000000000074 36.59 [1]
-0.12 0.0043999999999999595 158.67 [1]
0.89 -0.0014999999999999458 -81.1 [1]
-1.12 0.0015999999999999348 -170.87 [0]
-0.59 -0.006900000000000017 27.44 [1]
1.0 -0.006000000000000005 -258.72 [0]
0.34 0.00550000000000006 61.15 [0]
-0.52 -0.009400000000000075 -93.89 [1]
-0.04 0.0051000000000001044 91.64 [1]
1.43 0.0040000000000000036 60.73 [0]
0.55 0.008899999999999908 78.48 [1]
-0.42 -0.0031999999999999806 264.63 [0]
0.61 0.0041999999999999815 67.55 [0]
0.77 0.0032000000000000917 -42.08 [1]
0.1 0.0021999999999999797 68.74 [0]
-0.71 0.006399999999999961 229.28 [1]
-0.28 -0.0018000000000000238 71.7 [0]
0.0 -0.005699999999999927 14.44 [1]
-0.27 -0.0028000000000001357 -62.24 [1]
-2.19 0.00040000000000006697 -79.14 [1]
1.57 0.0035000000000000586 -34.76 [1]
-0.75 -0.015900000000000025 40.24 [1]
0.37 0.0034999999999999476 21.32 [1]
0.96 -0.0015999999999999348 -282.18 [1]
-0.37 0.005800000000000027 84.3 [1]
-0.81 -0.018300000000000094 -196.5 [0]
0.61 -0.0026999999999999247 -98.52 [1]
1.11 0.0009000000000000119 23.61 [1]
-0.36 -0.009800000000000031 18.09 [1]
1.72 -0.005199999999999982 110.54 [0]
-0.48 0.0045999999999999375 64.95 [0]
0.37 0.0013000000000000789 -70.12 [1]
-1.81 -0.0050000000000000044 -113.2 [1]
-0.51 -0.0036000000000000476 90.78 [1]
0.12 0.0036000000000000476 -62.71 [1]
-1.71 -0.009600000000000053 53.04 [0]
-0.1 -9.999999999998899e-05 -147.34 [1]
1.1 -0.00039999999999995595 120.13 [0]
2.52 0.0 -73.73 [1]
1.36 -0.0040000000000000036 215.02 [1]
-1.08 0.0013999999999999568 147.9 [0]
-0.02 0.0028000000000000247 67.5 [0]
-0.57 -0.0042999999999999705 60.52 [0]
0.37 0.005099999999999993 -70.49 [1]
-0.65 0.0022999999999999687 -58.3 [1]
0.34 -0.0028000000000000247 3.56 [1]
1.7 0.013900000000000023 -104.74 [1]
0.83 0.0 17.82 [1]
0.51 0.009099999999999997 166.6 [1]
-1.29 0.0011999999999999789 -70.65 [1]
-1.57 -0.0040000000000000036 -128.16 [0]
-1.43 -0.005699999999999927 -254.25 [0]
0.48 0.0012999999999999678 -177.18 [0]
0.19 -0.0029000000000000137 -138.24 [0]
2.13 0.0050000000000000044 87.51 [1]
-0.99 -0.0045000000000000595 -56.24 [1]
2.29 0.0032000000000000917 80.89 [1]
