0.32[1]
0.03[1]
1.2[1]
-0.91[1]
0.47[1]
-0.36[1]
-0.01[1]
-0.17[1]
-0.26[1]
0.24[1]
-1.22[1]
-0.07[1]
0.42[1]
-0.49[1]
-1.03[1]
-0.14[1]
0.16[1]
-1.05[1]
-0.41[1]
-0.59[1]
0.33[1]
-0.01[1]
-0.05[1]
0.27[1]
0.11[1]
0.2[1]
-0.47[1]
-0.58[0]
0.12[1]
0.84[1]
0.12[1]
-0.87[0]
-0.4[1]
-0.72[1]
-0.85[1]
-0.98[1]
0.76[1]
-0.87[1]
-0.88[1]
0.23[1]
-0.16[1]
-0.12[1]
0.18[1]
0.26[1]
0.24[1]
0.32[1]
-0.16[1]
0.73[1]
0.02[1]
0.53[1]
-0.57[1]
-0.71[1]
-0.1[1]
-1.11[0]
-0.03[0]
1.21[1]
0.79[1]
0.15[1]
0.43[1]
0.6[1]
-1.54[0]
0.3[0]
1.25[1]
0.04[1]
-0.05[1]
0.49[1]
0.83[1]
-0.69[1]
0.67[1]
-0.06[1]
0.21[1]
0.62[1]
-1.14[1]
-0.67[1]
0.53[1]
-0.33[1]
0.61[1]
0.75[1]
-0.35[1]
1.06[1]
-0.87[1]
-0.14[1]
0.79[1]
-0.06[1]
-0.11[1]
0.48[1]
0.39[1]
0.17[1]
-0.19[1]
0.5[1]
-0.54[1]
-0.88[1]
-0.07[1]
0.4[1]
-0.04[1]
0.01[1]
0.5[1]
-0.21[1]
0.75[1]
-0.36[1]
